0.3517 -0.3554 5.4409
0.3514 -0.3544 5.4409
0.3504 -0.3514 5.4409
0.3486 -0.3464 5.4409
0.3462 -0.3395 5.4409
0.3430 -0.3308 5.4409
0.3391 -0.3202 5.4409
0.3344 -0.3078 5.4409
0.3288 -0.2937 5.4409
0.3225 -0.2781 5.4409
0.3153 -0.2609 5.4409
0.3072 -0.2424 5.4409
0.2981 -0.2226 5.4409
0.2882 -0.2016 5.4409
0.2772 -0.1796 5.4409
0.2653 -0.1567 5.4409
0.2523 -0.1331 5.4409
0.2384 -0.1088 5.4409
0.2234 -0.0840 5.4409
0.2074 -0.0589 5.4409
0.1905 -0.0336 5.4409
0.1726 -0.0082 5.4409
0.1537 0.0171 5.4409
0.1340 0.0422 5.4409
0.1134 0.0669 5.4409
0.0921 0.0912 5.4409
0.0701 0.1149 5.4409
0.0476 0.1379 5.4409
0.0245 0.1602 5.4409
0.0010 0.1815 5.4409
-0.0228 0.2018 5.4409
-0.0467 0.2211 5.4409
-0.0706 0.2393 5.4409
-0.0944 0.2562 5.4409
-0.1180 0.2720 5.4409
-0.1411 0.2865 5.4409
-0.1637 0.2997 5.4409
-0.1856 0.3116 5.4409
-0.2066 0.3222 5.4409
-0.2267 0.3315 5.4409
-0.2457 0.3395 5.4409
-0.2634 0.3463 5.4409
-0.2798 0.3519 5.4409
-0.2947 0.3562 5.4409
-0.3081 0.3594 5.4409
-0.3198 0.3614 5.4409
-0.3298 0.3623 5.4409
-0.3380 0.3621 5.4409
-0.3444 0.3609 5.4409
-0.3490 0.3586 5.4409
-0.3517 0.3554 5.4409
-0.3526 0.3512 5.4409
-0.3515 0.3462 5.4409
-0.3485 0.3404 5.4409
-0.3437 0.3339 5.4409
-0.3371 0.3266 5.4409
-0.3287 0.3186 5.4409
-0.3186 0.3098 5.4409
-0.3070 0.3003 5.4409
-0.2938 0.2901 5.4409
-0.2792 0.2792 5.4409
-0.2633 0.2675 5.4409
-0.2462 0.2552 5.4409
-0.2280 0.2422 5.4409
-0.2088 0.2285 5.4409
-0.1887 0.2142 5.4409
-0.1678 0.1991 5.4409
-0.1463 0.1834 5.4409
-0.1242 0.1670 5.4409
-0.1017 0.1500 5.4409
-0.0789 0.1323 5.4409
-0.0559 0.1141 5.4409
-0.0329 0.0952 5.4409
-0.0098 0.0758 5.4409
0.0131 0.0558 5.4409
0.0358 0.0354 5.4409
0.0581 0.0146 5.4409
0.0801 -0.0066 5.4409
0.1015 -0.0281 5.4409
0.1224 -0.0497 5.4409
0.1426 -0.0715 5.4409
0.1621 -0.0932 5.4409
0.1809 -0.1149 5.4409
0.1988 -0.1364 5.4409
0.2158 -0.1575 5.4409
0.2320 -0.1781 5.4409
0.2472 -0.1982 5.4409
0.2614 -0.2176 5.4409
0.2746 -0.2362 5.4409
0.2869 -0.2538 5.4409
0.2981 -0.2703 5.4409
0.3082 -0.2856 5.4409
0.3173 -0.2997 5.4409
0.3254 -0.3123 5.4409
0.3324 -0.3235 5.4409
0.3383 -0.3331 5.4409
0.3431 -0.3410 5.4409
0.3469 -0.3472 5.4409
0.3496 -0.3517 5.4409
0.3512 -0.3544 5.4409
0.3517 -0.3554 5.4409
