
  1.000000 -0.000000
  0.999050  0.000456
  0.996202  0.001817
  0.991464  0.004065
  0.984850  0.007167
  0.976379  0.011079
  0.966076  0.015745
  0.953972  0.021101
  0.940104  0.027070
  0.924513  0.033568
  0.907250  0.040506
  0.888369  0.047787
  0.867931  0.055309
  0.846005  0.062969
  0.822666  0.070661
  0.797992  0.078280
  0.772073  0.085722
  0.744999  0.092883
  0.716872  0.099667
  0.687796  0.105979
  0.657882  0.111733
  0.627247  0.116849
  0.596012  0.121256
  0.564305  0.124890
  0.532255  0.127701
  0.500000  0.129646
  0.467677  0.130697
  0.435427  0.130835
  0.403394  0.130058
  0.371721  0.128372
  0.340553  0.125799
  0.310031  0.122374
  0.280296  0.118143
  0.251483  0.113165
  0.223725  0.107508
  0.197147  0.101252
  0.171868  0.094484
  0.147999  0.087299
  0.125642  0.079797
  0.104893  0.072080
  0.085834  0.064253
  0.068541  0.056420
  0.053079  0.048681
  0.039502  0.041135
  0.027857  0.033869
  0.018181  0.026967
  0.010501  0.020500
  0.004836  0.014529
  0.001197  0.009101
 -0.000413  0.004252
  0.000000  0.000000
  0.002387 -0.003542
  0.006688 -0.006274
  0.012877 -0.008209
  0.020916 -0.009368
  0.030762 -0.009779
  0.042366 -0.009476
  0.055671 -0.008503
  0.070615 -0.006906
  0.087131 -0.004740
  0.105149 -0.002065
  0.124594  0.001056
  0.145389  0.004552
  0.167454  0.008352
  0.190708  0.012380
  0.215068  0.016560
  0.240448  0.020812
  0.266763  0.025060
  0.293925  0.029225
  0.321844  0.033233
  0.350430  0.037012
  0.379589  0.040496
  0.409225  0.043622
  0.439240  0.046337
  0.469533  0.048594
  0.500000  0.050354
  0.530535  0.051589
  0.561029  0.052282
  0.591369  0.052424
  0.621443  0.052018
  0.651135  0.051078
  0.680328  0.049628
  0.708907  0.047701
  0.736754  0.045341
  0.763754  0.042599
  0.789793  0.039531
  0.814758  0.036203
  0.838542  0.032682
  0.861037  0.029040
  0.882145  0.025349
  0.901767  0.021682
  0.919815  0.018111
  0.936203  0.014706
  0.950855  0.011531
  0.963700  0.008648
  0.974678  0.006110
  0.983733  0.003966
  0.990824  0.002255
  0.995913  0.001010
  0.998977  0.000254
  1.000000  0.000000