0.3944 -0.3073 3.9024
0.3940 -0.3064 3.9024
0.3925 -0.3035 3.9024
0.3902 -0.2988 3.9024
0.3869 -0.2923 3.9024
0.3826 -0.2840 3.9024
0.3773 -0.2740 3.9024
0.3711 -0.2624 3.9024
0.3638 -0.2491 3.9024
0.3555 -0.2344 3.9024
0.3462 -0.2183 3.9024
0.3357 -0.2010 3.9024
0.3242 -0.1825 3.9024
0.3116 -0.1630 3.9024
0.2980 -0.1426 3.9024
0.2832 -0.1214 3.9024
0.2673 -0.0996 3.9024
0.2504 -0.0773 3.9024
0.2323 -0.0547 3.9024
0.2133 -0.0318 3.9024
0.1932 -0.0089 3.9024
0.1722 0.0140 3.9024
0.1503 0.0366 3.9024
0.1275 0.0590 3.9024
0.1039 0.0809 3.9024
0.0797 0.1023 3.9024
0.0548 0.1230 3.9024
0.0295 0.1429 3.9024
0.0037 0.1620 3.9024
-0.0223 0.1801 3.9024
-0.0485 0.1972 3.9024
-0.0746 0.2133 3.9024
-0.1007 0.2282 3.9024
-0.1265 0.2420 3.9024
-0.1519 0.2546 3.9024
-0.1767 0.2660 3.9024
-0.2008 0.2762 3.9024
-0.2240 0.2852 3.9024
-0.2463 0.2930 3.9024
-0.2674 0.2997 3.9024
-0.2872 0.3052 3.9024
-0.3057 0.3097 3.9024
-0.3226 0.3131 3.9024
-0.3380 0.3155 3.9024
-0.3516 0.3169 3.9024
-0.3635 0.3174 3.9024
-0.3735 0.3170 3.9024
-0.3817 0.3158 3.9024
-0.3879 0.3137 3.9024
-0.3921 0.3109 3.9024
-0.3944 0.3073 3.9024
-0.3947 0.3030 3.9024
-0.3930 0.2982 3.9024
-0.3893 0.2929 3.9024
-0.3837 0.2870 3.9024
-0.3762 0.2807 3.9024
-0.3668 0.2738 3.9024
-0.3557 0.2664 3.9024
-0.3430 0.2584 3.9024
-0.3286 0.2500 3.9024
-0.3127 0.2410 3.9024
-0.2955 0.2316 3.9024
-0.2769 0.2215 3.9024
-0.2572 0.2110 3.9024
-0.2364 0.1999 3.9024
-0.2146 0.1882 3.9024
-0.1920 0.1759 3.9024
-0.1686 0.1631 3.9024
-0.1446 0.1497 3.9024
-0.1201 0.1357 3.9024
-0.0952 0.1211 3.9024
-0.0701 0.1059 3.9024
-0.0448 0.0902 3.9024
-0.0195 0.0739 3.9024
0.0058 0.0571 3.9024
0.0309 0.0397 3.9024
0.0558 0.0219 3.9024
0.0803 0.0037 3.9024
0.1043 -0.0148 3.9024
0.1278 -0.0336 3.9024
0.1506 -0.0526 3.9024
0.1728 -0.0717 3.9024
0.1941 -0.0908 3.9024
0.2146 -0.1097 3.9024
0.2342 -0.1285 3.9024
0.2529 -0.1469 3.9024
0.2705 -0.1649 3.9024
0.2871 -0.1823 3.9024
0.3027 -0.1990 3.9024
0.3170 -0.2149 3.9024
0.3303 -0.2298 3.9024
0.3423 -0.2437 3.9024
0.3531 -0.2565 3.9024
0.3627 -0.2680 3.9024
0.3711 -0.2782 3.9024
0.3782 -0.2869 3.9024
0.3840 -0.2942 3.9024
0.3886 -0.2999 3.9024
0.3918 -0.3040 3.9024
0.3938 -0.3065 3.9024
0.3944 -0.3073 3.9024
