0.3004 -0.3997 4.2214
0.3002 -0.3987 4.2214
0.2995 -0.3956 4.2214
0.2985 -0.3905 4.2214
0.2970 -0.3833 4.2214
0.2950 -0.3742 4.2214
0.2926 -0.3631 4.2214
0.2896 -0.3502 4.2214
0.2860 -0.3356 4.2214
0.2819 -0.3192 4.2214
0.2770 -0.3012 4.2214
0.2715 -0.2818 4.2214
0.2653 -0.2609 4.2214
0.2582 -0.2388 4.2214
0.2503 -0.2155 4.2214
0.2416 -0.1912 4.2214
0.2320 -0.1660 4.2214
0.2214 -0.1401 4.2214
0.2100 -0.1135 4.2214
0.1975 -0.0865 4.2214
0.1842 -0.0591 4.2214
0.1699 -0.0315 4.2214
0.1546 -0.0039 4.2214
0.1385 0.0236 4.2214
0.1215 0.0509 4.2214
0.1036 0.0779 4.2214
0.0851 0.1044 4.2214
0.0658 0.1302 4.2214
0.0459 0.1554 4.2214
0.0256 0.1797 4.2214
0.0048 0.2030 4.2214
-0.0163 0.2254 4.2214
-0.0375 0.2466 4.2214
-0.0588 0.2667 4.2214
-0.0800 0.2854 4.2214
-0.1010 0.3029 4.2214
-0.1216 0.3191 4.2214
-0.1417 0.3338 4.2214
-0.1611 0.3472 4.2214
-0.1797 0.3592 4.2214
-0.1974 0.3697 4.2214
-0.2141 0.3788 4.2214
-0.2296 0.3865 4.2214
-0.2438 0.3928 4.2214
-0.2566 0.3978 4.2214
-0.2679 0.4014 4.2214
-0.2777 0.4036 4.2214
-0.2859 0.4046 4.2214
-0.2924 0.4042 4.2214
-0.2972 0.4026 4.2214
-0.3004 0.3997 4.2214
-0.3018 0.3957 4.2214
-0.3014 0.3906 4.2214
-0.2992 0.3845 4.2214
-0.2953 0.3774 4.2214
-0.2897 0.3692 4.2214
-0.2825 0.3602 4.2214
-0.2737 0.3501 4.2214
-0.2635 0.3391 4.2214
-0.2518 0.3272 4.2214
-0.2389 0.3144 4.2214
-0.2247 0.3007 4.2214
-0.2094 0.2862 4.2214
-0.1931 0.2709 4.2214
-0.1759 0.2547 4.2214
-0.1579 0.2377 4.2214
-0.1393 0.2200 4.2214
-0.1201 0.2015 4.2214
-0.1004 0.1823 4.2214
-0.0805 0.1624 4.2214
-0.0603 0.1418 4.2214
-0.0400 0.1206 4.2214
-0.0197 0.0988 4.2214
0.0005 0.0764 4.2214
0.0205 0.0535 4.2214
0.0403 0.0303 4.2214
0.0596 0.0066 4.2214
0.0785 -0.0174 4.2214
0.0968 -0.0415 4.2214
0.1145 -0.0658 4.2214
0.1316 -0.0901 4.2214
0.1480 -0.1143 4.2214
0.1636 -0.1384 4.2214
0.1785 -0.1620 4.2214
0.1925 -0.1853 4.2214
0.2057 -0.2079 4.2214
0.2180 -0.2299 4.2214
0.2295 -0.2510 4.2214
0.2401 -0.2712 4.2214
0.2498 -0.2903 4.2214
0.2587 -0.3082 4.2214
0.2667 -0.3247 4.2214
0.2738 -0.3399 4.2214
0.2801 -0.3535 4.2214
0.2855 -0.3655 4.2214
0.2900 -0.3758 4.2214
0.2938 -0.3843 4.2214
0.2967 -0.3910 4.2214
0.2987 -0.3958 4.2214
0.3000 -0.3987 4.2214
0.3004 -0.3997 4.2214
