0.9198 0.3923 6.1154
0.9188 0.3921 6.1154
0.9159 0.3917 6.1154
0.9109 0.3910 6.1154
0.9040 0.3900 6.1154
0.8952 0.3887 6.1154
0.8845 0.3871 6.1154
0.8719 0.3851 6.1154
0.8576 0.3828 6.1154
0.8416 0.3801 6.1154
0.8239 0.3770 6.1154
0.8047 0.3734 6.1154
0.7840 0.3694 6.1154
0.7619 0.3649 6.1154
0.7385 0.3599 6.1154
0.7140 0.3544 6.1154
0.6883 0.3483 6.1154
0.6617 0.3417 6.1154
0.6343 0.3346 6.1154
0.6061 0.3269 6.1154
0.5773 0.3187 6.1154
0.5480 0.3099 6.1154
0.5184 0.3005 6.1154
0.4885 0.2906 6.1154
0.4586 0.2803 6.1154
0.4287 0.2694 6.1154
0.3989 0.2581 6.1154
0.3695 0.2463 6.1154
0.3404 0.2342 6.1154
0.3119 0.2217 6.1154
0.2841 0.2090 6.1154
0.2570 0.1960 6.1154
0.2308 0.1828 6.1154
0.2057 0.1696 6.1154
0.1816 0.1563 6.1154
0.1587 0.1430 6.1154
0.1371 0.1298 6.1154
0.1168 0.1169 6.1154
0.0980 0.1042 6.1154
0.0807 0.0918 6.1154
0.0649 0.0799 6.1154
0.0507 0.0686 6.1154
0.0382 0.0578 6.1154
0.0274 0.0476 6.1154
0.0182 0.0382 6.1154
0.0108 0.0296 6.1154
0.0051 0.0219 6.1154
0.0012 0.0150 6.1154
-0.0010 0.0090 6.1154
-0.0014 0.0040 6.1154
0.0000 0.0000 6.1154
0.0031 -0.0030 6.1154
0.0077 -0.0048 6.1154
0.0140 -0.0055 6.1154
0.0218 -0.0050 6.1154
0.0312 -0.0034 6.1154
0.0421 -0.0007 6.1154
0.0545 0.0030 6.1154
0.0683 0.0078 6.1154
0.0835 0.0136 6.1154
0.0999 0.0204 6.1154
0.1177 0.0281 6.1154
0.1366 0.0366 6.1154
0.1567 0.0460 6.1154
0.1778 0.0561 6.1154
0.1999 0.0669 6.1154
0.2230 0.0783 6.1154
0.2470 0.0902 6.1154
0.2717 0.1027 6.1154
0.2971 0.1155 6.1154
0.3231 0.1286 6.1154
0.3497 0.1420 6.1154
0.3768 0.1556 6.1154
0.4042 0.1692 6.1154
0.4319 0.1829 6.1154
0.4598 0.1965 6.1154
0.4878 0.2099 6.1154
0.5157 0.2232 6.1154
0.5435 0.2363 6.1154
0.5711 0.2490 6.1154
0.5984 0.2614 6.1154
0.6253 0.2734 6.1154
0.6515 0.2850 6.1154
0.6772 0.2960 6.1154
0.7020 0.3066 6.1154
0.7260 0.3166 6.1154
0.7490 0.3261 6.1154
0.7709 0.3350 6.1154
0.7917 0.3433 6.1154
0.8111 0.3510 6.1154
0.8292 0.3581 6.1154
0.8459 0.3645 6.1154
0.8610 0.3703 6.1154
0.8745 0.3754 6.1154
0.8864 0.3799 6.1154
0.8965 0.3837 6.1154
0.9048 0.3868 6.1154
0.9114 0.3892 6.1154
0.9161 0.3909 6.1154
0.9189 0.3919 6.1154
0.9198 0.3923 6.1154
