0.3517 -0.3554 4.0713
0.3514 -0.3544 4.0713
0.3504 -0.3514 4.0713
0.3486 -0.3464 4.0713
0.3462 -0.3395 4.0713
0.3430 -0.3308 4.0713
0.3391 -0.3202 4.0713
0.3344 -0.3078 4.0713
0.3288 -0.2937 4.0713
0.3225 -0.2781 4.0713
0.3153 -0.2609 4.0713
0.3072 -0.2424 4.0713
0.2981 -0.2226 4.0713
0.2882 -0.2016 4.0713
0.2772 -0.1796 4.0713
0.2653 -0.1567 4.0713
0.2523 -0.1331 4.0713
0.2384 -0.1088 4.0713
0.2234 -0.0840 4.0713
0.2074 -0.0589 4.0713
0.1905 -0.0336 4.0713
0.1726 -0.0082 4.0713
0.1537 0.0171 4.0713
0.1340 0.0422 4.0713
0.1134 0.0669 4.0713
0.0921 0.0912 4.0713
0.0701 0.1149 4.0713
0.0476 0.1379 4.0713
0.0245 0.1602 4.0713
0.0010 0.1815 4.0713
-0.0228 0.2018 4.0713
-0.0467 0.2211 4.0713
-0.0706 0.2393 4.0713
-0.0944 0.2562 4.0713
-0.1180 0.2720 4.0713
-0.1411 0.2865 4.0713
-0.1637 0.2997 4.0713
-0.1856 0.3116 4.0713
-0.2066 0.3222 4.0713
-0.2267 0.3315 4.0713
-0.2457 0.3395 4.0713
-0.2634 0.3463 4.0713
-0.2798 0.3519 4.0713
-0.2947 0.3562 4.0713
-0.3081 0.3594 4.0713
-0.3198 0.3614 4.0713
-0.3298 0.3623 4.0713
-0.3380 0.3621 4.0713
-0.3444 0.3609 4.0713
-0.3490 0.3586 4.0713
-0.3517 0.3554 4.0713
-0.3526 0.3512 4.0713
-0.3515 0.3462 4.0713
-0.3485 0.3404 4.0713
-0.3437 0.3339 4.0713
-0.3371 0.3266 4.0713
-0.3287 0.3186 4.0713
-0.3186 0.3098 4.0713
-0.3070 0.3003 4.0713
-0.2938 0.2901 4.0713
-0.2792 0.2792 4.0713
-0.2633 0.2675 4.0713
-0.2462 0.2552 4.0713
-0.2280 0.2422 4.0713
-0.2088 0.2285 4.0713
-0.1887 0.2142 4.0713
-0.1678 0.1991 4.0713
-0.1463 0.1834 4.0713
-0.1242 0.1670 4.0713
-0.1017 0.1500 4.0713
-0.0789 0.1323 4.0713
-0.0559 0.1141 4.0713
-0.0329 0.0952 4.0713
-0.0098 0.0758 4.0713
0.0131 0.0558 4.0713
0.0358 0.0354 4.0713
0.0581 0.0146 4.0713
0.0801 -0.0066 4.0713
0.1015 -0.0281 4.0713
0.1224 -0.0497 4.0713
0.1426 -0.0715 4.0713
0.1621 -0.0932 4.0713
0.1809 -0.1149 4.0713
0.1988 -0.1364 4.0713
0.2158 -0.1575 4.0713
0.2320 -0.1781 4.0713
0.2472 -0.1982 4.0713
0.2614 -0.2176 4.0713
0.2746 -0.2362 4.0713
0.2869 -0.2538 4.0713
0.2981 -0.2703 4.0713
0.3082 -0.2856 4.0713
0.3173 -0.2997 4.0713
0.3254 -0.3123 4.0713
0.3324 -0.3235 4.0713
0.3383 -0.3331 4.0713
0.3431 -0.3410 4.0713
0.3469 -0.3472 4.0713
0.3496 -0.3517 4.0713
0.3512 -0.3544 4.0713
0.3517 -0.3554 4.0713
