0.9300 0.3675 5.9538
0.9290 0.3675 5.9538
0.9259 0.3674 5.9538
0.9209 0.3672 5.9538
0.9138 0.3669 5.9538
0.9047 0.3665 5.9538
0.8938 0.3659 5.9538
0.8809 0.3651 5.9538
0.8663 0.3642 5.9538
0.8499 0.3629 5.9538
0.8318 0.3614 5.9538
0.8121 0.3595 5.9538
0.7909 0.3572 5.9538
0.7683 0.3545 5.9538
0.7444 0.3513 5.9538
0.7193 0.3476 5.9538
0.6930 0.3433 5.9538
0.6659 0.3385 5.9538
0.6378 0.3330 5.9538
0.6090 0.3269 5.9538
0.5797 0.3202 5.9538
0.5498 0.3127 5.9538
0.5196 0.3047 5.9538
0.4892 0.2959 5.9538
0.4588 0.2865 5.9538
0.4284 0.2764 5.9538
0.3982 0.2658 5.9538
0.3683 0.2545 5.9538
0.3389 0.2427 5.9538
0.3100 0.2304 5.9538
0.2819 0.2177 5.9538
0.2546 0.2046 5.9538
0.2283 0.1911 5.9538
0.2030 0.1775 5.9538
0.1788 0.1637 5.9538
0.1559 0.1499 5.9538
0.1343 0.1361 5.9538
0.1141 0.1225 5.9538
0.0954 0.1091 5.9538
0.0782 0.0961 5.9538
0.0626 0.0835 5.9538
0.0486 0.0714 5.9538
0.0363 0.0600 5.9538
0.0257 0.0493 5.9538
0.0168 0.0394 5.9538
0.0097 0.0303 5.9538
0.0043 0.0222 5.9538
0.0006 0.0151 5.9538
-0.0014 0.0090 5.9538
-0.0015 0.0040 5.9538
0.0000 0.0000 5.9538
0.0032 -0.0028 5.9538
0.0080 -0.0044 5.9538
0.0143 -0.0047 5.9538
0.0222 -0.0038 5.9538
0.0316 -0.0017 5.9538
0.0425 0.0016 5.9538
0.0548 0.0059 5.9538
0.0685 0.0114 5.9538
0.0835 0.0178 5.9538
0.0998 0.0253 5.9538
0.1173 0.0336 5.9538
0.1360 0.0428 5.9538
0.1558 0.0527 5.9538
0.1767 0.0634 5.9538
0.1986 0.0746 5.9538
0.2215 0.0864 5.9538
0.2452 0.0987 5.9538
0.2697 0.1113 5.9538
0.2949 0.1242 5.9538
0.3208 0.1372 5.9538
0.3473 0.1504 5.9538
0.3743 0.1636 5.9538
0.4017 0.1768 5.9538
0.4295 0.1899 5.9538
0.4575 0.2027 5.9538
0.4857 0.2153 5.9538
0.5139 0.2275 5.9538
0.5421 0.2394 5.9538
0.5701 0.2509 5.9538
0.5978 0.2619 5.9538
0.6252 0.2724 5.9538
0.6521 0.2824 5.9538
0.6783 0.2918 5.9538
0.7038 0.3007 5.9538
0.7285 0.3091 5.9538
0.7523 0.3168 5.9538
0.7749 0.3240 5.9538
0.7964 0.3306 5.9538
0.8166 0.3366 5.9538
0.8354 0.3421 5.9538
0.8527 0.3470 5.9538
0.8685 0.3514 5.9538
0.8826 0.3552 5.9538
0.8949 0.3585 5.9538
0.9055 0.3613 5.9538
0.9143 0.3635 5.9538
0.9211 0.3653 5.9538
0.9261 0.3665 5.9538
0.9290 0.3673 5.9538
0.9300 0.3675 5.9538
