0.9120 0.4101 6.2538
0.9111 0.4099 6.2538
0.9082 0.4092 6.2538
0.9034 0.4080 6.2538
0.8966 0.4064 6.2538
0.8880 0.4043 6.2538
0.8776 0.4017 6.2538
0.8654 0.3986 6.2538
0.8515 0.3950 6.2538
0.8359 0.3910 6.2538
0.8187 0.3864 6.2538
0.7999 0.3813 6.2538
0.7798 0.3758 6.2538
0.7582 0.3697 6.2538
0.7354 0.3630 6.2538
0.7114 0.3559 6.2538
0.6864 0.3483 6.2538
0.6604 0.3402 6.2538
0.6335 0.3316 6.2538
0.6059 0.3226 6.2538
0.5777 0.3130 6.2538
0.5490 0.3031 6.2538
0.5199 0.2927 6.2538
0.4905 0.2820 6.2538
0.4610 0.2709 6.2538
0.4316 0.2594 6.2538
0.4022 0.2477 6.2538
0.3731 0.2357 6.2538
0.3443 0.2235 6.2538
0.3160 0.2110 6.2538
0.2884 0.1985 6.2538
0.2614 0.1858 6.2538
0.2353 0.1730 6.2538
0.2101 0.1603 6.2538
0.1860 0.1476 6.2538
0.1630 0.1351 6.2538
0.1413 0.1227 6.2538
0.1208 0.1105 6.2538
0.1018 0.0986 6.2538
0.0842 0.0871 6.2538
0.0681 0.0760 6.2538
0.0536 0.0654 6.2538
0.0407 0.0553 6.2538
0.0295 0.0458 6.2538
0.0200 0.0370 6.2538
0.0123 0.0288 6.2538
0.0062 0.0215 6.2538
0.0020 0.0148 6.2538
-0.0005 0.0091 6.2538
-0.0011 0.0041 6.2538
0.0000 0.0000 6.2538
0.0029 -0.0032 6.2538
0.0074 -0.0053 6.2538
0.0136 -0.0063 6.2538
0.0214 -0.0063 6.2538
0.0308 -0.0053 6.2538
0.0418 -0.0032 6.2538
0.0543 -0.0001 6.2538
0.0683 0.0039 6.2538
0.0837 0.0090 6.2538
0.1004 0.0149 6.2538
0.1185 0.0218 6.2538
0.1377 0.0296 6.2538
0.1582 0.0383 6.2538
0.1797 0.0477 6.2538
0.2022 0.0579 6.2538
0.2256 0.0687 6.2538
0.2499 0.0802 6.2538
0.2750 0.0923 6.2538
0.3007 0.1049 6.2538
0.3270 0.1179 6.2538
0.3538 0.1313 6.2538
0.3810 0.1450 6.2538
0.4085 0.1589 6.2538
0.4362 0.1730 6.2538
0.4641 0.1871 6.2538
0.4919 0.2013 6.2538
0.5197 0.2154 6.2538
0.5472 0.2294 6.2538
0.5745 0.2432 6.2538
0.6013 0.2568 6.2538
0.6277 0.2700 6.2538
0.6534 0.2830 6.2538
0.6785 0.2955 6.2538
0.7027 0.3075 6.2538
0.7260 0.3191 6.2538
0.7483 0.3301 6.2538
0.7694 0.3406 6.2538
0.7894 0.3504 6.2538
0.8082 0.3596 6.2538
0.8256 0.3681 6.2538
0.8415 0.3758 6.2538
0.8560 0.3829 6.2538
0.8689 0.3892 6.2538
0.8802 0.3946 6.2538
0.8898 0.3993 6.2538
0.8978 0.4032 6.2538
0.9040 0.4062 6.2538
0.9085 0.4084 6.2538
0.9111 0.4097 6.2538
0.9120 0.4101 6.2538
